7.6989
5.92229
4.23678
3.61769
3.14959
2.67509
2.56465
2.44159
2.70472
2.82295
2.9124
2.68644
3.00071
2.94801
3.09443
3.10223
3.1407
3.12129
3.0678
3.0546
3.12222
2.9941
3.25301
3.46622
3.35677
3.51729
3.59469
3.68215
3.64355
3.75223
3.76659
3.64743
3.51935
3.42663
3.45844
3.39529
3.48534
3.45253
3.38839
3.35667
3.46482
3.38622
3.36
3.44472
3.4494
3.56106
3.55139
3.60276
3.64542
3.60597
3.61998
3.60381
3.5876
3.64384
3.62148
3.56425
3.63312
3.6603
3.64714
3.60674
3.65869
3.69752
3.68253
3.65804
3.69991
3.71145
3.70297
3.69388
3.73507
3.77298
3.8147
3.8739
3.92191
3.98649
4.03765
4.08802
4.1422
4.11987
4.09245
4.16108
4.23548
4.18015
4.22254
4.24898
4.21125
4.23512
4.27403
4.31065
4.34024
4.35909
4.38973
4.41468
4.45016
4.49519
4.52616
4.5454
4.57371
4.59355
4.6227
4.65058
4.69004
4.71638
4.72002
4.68965
4.71983
4.70396
4.72652
4.73859
4.748
4.77335
4.78406
4.76978
4.78909
4.82396
4.84515
4.87495
4.90148
4.9162
4.93108
4.95596
4.97482
4.99523
5.00844
5.02226
5.02889
5.04144
5.06011
5.04922
5.06305
5.02947
5.04238
5.05528
5.06911
5.08305
5.1083
5.12019
5.14746
5.15647
5.17911
5.1481
5.15792
5.16744
5.17352
5.17976
5.19272
5.2048
5.22543
5.24205
5.24879
5.25663
5.26863
5.27858
5.24022
5.25228
5.21569
5.22299
5.23333
5.25102
5.2645
5.2777
5.29896
5.30791
5.32611
5.33547
5.3514
5.36097
5.37411
5.38582
5.38572
5.39473
5.40501
5.41623
5.42212
5.43166
5.44245
5.45298
5.44345
5.42884
5.41753
5.43462
5.45045
5.46064
5.48093
5.49292
5.50155
5.50882
5.48916
5.50384
5.5133
5.5195
5.50409
5.48997
5.49131
5.51031
5.52458
5.52843
5.54236
5.54363
5.55131
5.56115
5.56902
5.58324
5.58506
5.59717
5.61705
5.61889
5.62512
5.62788
5.64131
5.65718
5.67138
5.68669
5.69567
5.70713
5.72316
5.72937
5.73659
5.74689
5.74855
5.75212
5.75976
5.76127
5.76806
5.77582
5.78075
5.79076
5.7927
5.78824
5.79856
5.79084
5.79899
5.80867
5.81472
5.82037
5.82714
5.83651
5.84458
5.85158
5.83452
5.83825
5.84249
5.8543
5.86363
5.86935
5.87094
5.88274
5.88864
5.89323
5.89456
5.86892
5.87153
5.8716
5.87224
5.87915
5.85572
5.86425
5.85511
5.86159
5.86435
5.87097
5.87494
5.87913
5.88565
5.88201
5.88539
5.8882
5.88954
5.89811
5.90605
5.90259
5.91058
5.91454
5.89045
5.88201
5.88098
5.88959
5.89877
5.90101
5.90668
5.90806
5.91599
5.92427
5.92628
5.92755
5.92688
5.93382
5.93482
5.93395
5.93821
5.93999
5.94263
5.94723
5.95396
5.95707
5.9656
5.95457
5.95783
5.9698
5.9749
5.9779
5.97901
5.98903
5.99412
5.99928
6.00139
6.00383
6.01266
6.016
6.01806
6.02445
6.03169
6.0356
6.03813
6.04286
6.04747
6.03041
6.02917
6.03181
6.03205
6.03865
6.04377
6.03196
6.0357
6.0339
6.03798
6.04069
6.04813
6.04974
6.04891
6.04754
6.05013
6.05417
6.06023
6.06322
6.06392
6.04377
6.04921
6.05003
6.05406
6.06571
6.06539
6.07251
6.07391
6.07762
6.08983
6.09189
6.09364
6.09734
6.10153
6.10708
6.10351
6.10173
6.0919
6.0973
6.10295
6.10524
6.10475
6.10824
6.11177
6.11611
6.11971
6.11927
6.12658
6.13729
6.14039
6.14732
6.1491
6.14165
6.14282
6.1425
6.14446
6.15061
6.15438
6.15554
6.15935
6.14493
6.15061
6.15887
6.16335
6.14797
6.15153
6.15262
6.15314
6.15777
6.1466
6.1493
6.14964
6.15553
6.15489
6.15617
6.15976
6.1461
6.14899
6.15027
6.15181
6.15315
6.15262
6.15433
6.15589
6.16118
6.16319
6.17018
6.17395
6.17257
6.17494
6.17882
6.18002
6.1876
6.18773
6.19397
6.19698
6.19493
6.19449
6.18848
6.19538
6.1947
6.19648
6.2017
6.20244
6.20564
6.20919
6.21093
6.21401
6.20467
6.2069
6.20609
6.20631
6.21364
6.2054
6.21046
6.21415
6.21433
6.21664
6.21821
6.21678
6.21442
6.21255
6.21813
6.21846
6.22164
6.22289
6.22986
6.23379
6.23335
6.23763
6.23988
6.2462
6.24488
6.24699
6.24595
6.24805
6.25063
6.2516
6.25136
6.25505
6.24195
6.24505
6.24397
6.24363
6.24442
6.24738
6.24893
6.24074
6.24396
6.2497
6.25426
6.25522
6.25652
6.2572
6.25851
6.25819
6.25569
6.24423
6.24615
6.24979
6.25219
6.25609
6.25653
6.25974
6.26241
6.26825
6.27044
6.27119
6.27091
6.27125
6.2741
6.27265
6.27569
6.2795
6.27893
6.28279
6.28549
6.28124
6.28483
6.28445
6.28587
6.2871
6.29278
6.28331
6.28611
6.28632
6.28269
6.28236
6.28095
6.27904
6.2723
6.27365
6.2752
6.27598
6.27272
6.27336
6.27001
6.27074
6.27163
6.26742
6.26499
6.2614
6.26276
6.26523
6.26378
6.26202
6.26387
6.25978
6.26276
6.26293
6.26319
6.26141
6.26197
6.25459
6.25921
6.261
6.26158
6.2635
6.26306
6.26291
6.2626
6.26111
6.25879
6.25946
6.2601
6.26052
6.25963
6.26081
6.26053
6.257
6.2553
6.25551
6.25356
6.25431
6.25398
6.25192
6.25133
6.25196
6.25154
6.25116
6.25116
6.25162
6.24781
6.24204
6.23909
6.23841
6.239
6.23815
6.23957
6.23785
6.23787
6.23573
6.23314
6.23117
6.22704
6.22826
6.22672
6.22513
6.22368
6.22257
6.22133
6.21876
6.2139
6.21314
6.21057
6.20553
6.19753
6.19143
6.1922
6.19237
6.19348
6.19269
6.18888
6.18648
6.17857
6.17812
6.1797
6.17907
6.17877
6.17771
6.1757
6.17279
6.17153
6.16612
6.16401
6.16637
6.16291
6.16185
6.16356
6.16271
6.16261
6.15281
6.15249
6.15338
6.1558
6.14722
6.14666
6.14533
6.14483
6.14613
6.14581
6.13818
6.13913
6.13312
6.13266
6.1257
6.12845
6.12618
6.12482
6.12541
6.12613
6.12638
6.1231
6.12331
6.12292
6.12409
6.12311
6.12407
6.12217
6.12271
6.1218
6.12417
6.11986
6.11678
6.11116
6.11198
6.11123
6.1115
6.11157
6.11046
6.10829
6.11055
6.10857
6.1083
6.10753
6.10504
6.10476
6.10472
6.1035
6.10207
6.10363
6.09984
6.09896
6.09589
6.09458
6.09456
6.08988
6.08963
6.09159
6.09031
6.09114
6.09133
6.09011
6.08891
6.08961
6.09035
6.09029
6.09157
6.09116
6.08293
6.08567
6.08435
6.08536
6.08842
6.08731
6.0851
6.08681
6.08544
6.07599
6.07613
6.07542
6.0748
6.06843
6.05995
6.0507
6.0508
6.04996
6.04765
6.0474
6.04681
6.04626
6.04462
6.04677
6.04696
6.04591
6.0445
6.04439
6.04555
6.03746
6.03595
6.03695
6.02701
6.02009
6.0211
6.02042
6.02185
6.02133
6.02155
6.0249
6.02553
6.0254
6.02405
6.024
6.02394
6.02079
6.0224
6.02371
6.02509
6.02471
6.02574
6.01484
6.01384
6.00646
6.00669
6.00881
6.00731
6.0056
6.00564
6.00644
6.00267
6.00188
5.99954
5.99877
5.99687
5.99813
5.99792
5.99113
5.99168
5.98347
5.98071
5.98193
5.98244
5.97893
5.97866
5.97859
5.9789
5.96797
5.96881
5.96835
5.96853
5.96728
5.96598
5.96531
5.96555
5.96421
5.96455
5.96272
5.96352
5.96241
5.96202
5.95877
5.95232
5.95386
5.95041
5.95198
5.95077
5.94764
5.94926
5.95081
5.95257
5.95223
5.95106
5.95133
5.95154
5.95047
5.94828
5.94578
5.94553
5.9442
5.94224
5.94068
5.93367
5.93235
5.93177
5.93324
5.93483
5.93519
5.92825
5.9292
5.92734
5.92651
5.92211
5.9185
5.91768
5.91804
5.91635
5.91633
5.91582
5.91587
5.91393
5.91514
5.91501
5.91511
5.91738
5.90748
5.90842
5.90904
5.90771
5.90865
5.9086
5.9076
5.90494
5.90626
5.90621
5.90747
5.90529
5.90636
5.90633
5.90728
5.90534
5.90489
5.90579
5.90576
5.90597
5.90603
5.90544
5.90636
5.90618
5.90555
5.89789
5.89809
5.89739
5.89852
5.89912
5.90026
5.90232
5.90014
5.89984
5.89845
5.89811
5.89874
5.8966
5.89652
5.8935
5.89362
5.8937
5.89441
5.89402
5.89459
5.89613
5.89579
5.8967
5.89738
5.89866
5.89703
5.89637
5.8974
5.89865
5.8945
5.88884
5.89219
5.88726
5.88919
5.88884
5.89001
5.89035
5.89092
5.89203
5.8931
5.89221
5.89161
5.88991
5.88936
5.88891
5.88869
5.88961
5.89135
5.88957
5.88851
5.88657
5.88606
5.88828
5.8869
5.88667
5.88552
5.88096
5.88039
5.88142
5.88149
5.88136
5.8812
5.88175
5.88227
5.88138
5.87647
5.87333
5.87255
5.87131
5.87117
5.87205
5.86547
5.86605
5.86572
5.86529
5.86566
5.8649
5.86003
5.86103
5.86374
5.85542
5.85384
5.85069
5.84877
5.84794
5.84885
5.84951
5.85088
5.84943
5.84995
5.8513
5.85184
5.85126
5.8463
5.84636
5.84412
5.84439
5.84554
5.84607
5.84767
5.84834
5.84872
5.84701
5.84665
5.84561
5.84544
5.84528
5.84579
5.84488
5.84555
5.84694
5.84661
5.84605
5.84706
5.84817
5.84743
5.84707
5.84796
5.84627
5.83911
5.83883
5.83789
5.83936
5.83769
5.83792
5.83984
5.84042
5.84194
5.84303
5.83914
5.83948
5.8408
5.84113
5.84269
5.83598
5.83542
5.83645
5.83694
5.83719
5.8367
5.83571
5.83526
5.83533
5.83595
5.83712
5.83881
5.83781
5.83709
5.83789
5.8369
5.83529
5.8364
5.83673
5.83587
5.83662
5.83671
5.83857
5.83126
5.83199
5.83239
5.83072
5.831
5.8303
5.82895
5.82968
5.83063
5.83162
5.83259
5.83125
5.83088
5.82994
5.82993
5.82933
5.82959
5.82798
5.82874
5.82804
5.82941
5.82941
5.83193
5.83161
5.83118
5.8313
5.83213
5.83238
5.83337
5.8324
5.83176
5.83214
5.83372
5.83173
5.83163
5.83336
5.83358
5.83228
5.83396
5.83234
5.83329
5.83353
5.83394
5.83448
5.83492
5.83509
5.83368
5.83369
5.83535
5.83427
5.83702
5.83769
5.83895
5.83933
5.83898
5.83828
5.83856
5.8324
5.83171
5.83229
5.83254
5.82739
5.82884
5.83024
5.83137
5.83292
5.83501
5.83604
5.8373
5.83798
5.83862
5.84069
5.83961
5.84084
5.84178
5.84169
5.83883
5.83811
5.83834
5.83677
5.83621
5.83691
5.83557
5.83779
5.83823
5.83792
5.83859
5.83685
5.83496
5.83398
5.83244
5.83292
5.83287
5.83423
5.83508
5.83531
5.83515
5.83504
5.83499
5.8367
5.83831
5.83969
5.83919
5.83914
5.8392
5.84009
5.83924
5.83788
5.83807
5.83791
5.839
5.83956
5.84038
5.84163
5.84209
5.83991
5.84052
5.84042
5.8417
5.84105
5.84099
5.84161
5.84224
5.84283
5.84329
5.84264
5.84276
5.84266
5.84464
5.84434
5.84447
5.84314
5.84374
5.84595
5.84515
5.8448
5.84437
5.84345
5.84403
5.83848
5.83739
5.83656
5.83791
5.83693
5.83659
5.83804
5.83701
5.83746
5.83656
5.83806
5.83877
5.83953
5.83992
5.83978
5.83963
5.83399
5.83392
5.83352
5.83008
5.83165
5.83125
5.83049
5.82774
5.82586
5.82531
5.82668
5.82403
5.82445
5.825
5.82515
5.82562
5.82427
5.82366
5.82337
5.82418
5.82421
5.82327
5.82283
5.82375
5.82217
5.82312
5.82398
5.82392
5.82611
5.82079
5.82042
5.8224
5.82342
5.82371
5.82012
5.82065
5.82237
5.82394
5.8263
5.82791
5.82901
5.83032
5.83056
5.83105
5.83344
5.83415
5.8333
5.83383
5.83534
5.83643
5.83885
5.83837
5.83976
5.84197
5.84243
5.84402
5.83996
5.84088
5.84065
5.8405
5.8418
5.84345
5.84406
5.84416
5.84544
5.8474
5.84732
5.84737
5.84819
5.84961
5.85028
5.85131
5.85173
5.85343
5.85434
5.85473
5.85608
5.85708
5.85819
5.85944
5.85506
5.857
5.85758
5.85866
5.85931
5.85955
5.86005
5.86224
5.85985
5.86209
5.86182
5.8631
5.86488
5.86396
5.86534
5.86588
5.86746
5.86797
5.86915
5.86991
5.87116
5.87168
5.87254
5.87257
5.87386
5.87002
5.87012
5.87165
5.87477
5.87592
5.87801
5.8769
5.87677
5.87994
5.88229
5.88326
5.88274
5.88265
5.88339
5.88413
5.88498
5.88557
5.8863
5.88645
5.8889
5.88855
5.88793
5.8886
5.88899
5.88882
5.88916
5.89027
5.8909
5.89059
5.89295
5.89317
5.89476
5.89651
5.89862
5.89859
5.90168
5.9029
5.90362
5.90397
5.90364
5.90464
5.90105
5.90036
5.90167
5.90379
5.90426
5.90506
5.90604
5.90625
5.90727
5.9077
5.90709
5.9073
5.9085
5.9102
5.91179
5.91144
5.91276
5.91345
5.91344
5.915
5.91593
5.9168
5.91874
5.92027
5.91988
5.92101
5.9208
5.92184
5.922
5.92306
5.92355
5.92392
5.92527
5.9267
5.92693
5.92209
5.92172
5.92381
5.92422
5.92518
5.92713
5.92801
5.92745
5.92722
5.92696
5.92819
5.92763
5.92765
5.92846
5.92883
5.92853
5.92952
5.92795
5.92651
5.92702
5.92818
5.92903
5.93033
5.9297
5.93022
5.93164
5.93141
5.93227
5.93403
5.93405
5.93452
5.93519
5.93525
5.93591
5.93545
5.93197
5.93256
5.93316
5.93333
5.93289
5.9292
5.93059
5.93129
5.93233
5.93425
5.9347
5.9341
5.93377
5.93373
5.93535
5.93587
5.93685
5.93752
5.93878
5.93853
5.93943
5.93997
5.94027
5.942
5.94175
5.9433
5.94361
5.9442
5.94557
5.94596
5.9473
5.94787
5.94905
5.94984
5.94907
5.94582
5.94802
5.94773
5.94828
5.94799
5.94827
5.94898
5.95014
5.94749
5.94744
5.94769
5.94887
5.9503
5.95209
5.95212
5.95156
5.95332
5.95447
5.95546
5.95688
5.95826
5.95955
5.9577
5.95827
5.95849
5.95991
5.96109
5.95712
5.95878
5.95806
5.95796
5.95799
5.9582
5.95975
5.96015
5.95963
5.95863
5.96016
5.96004
5.96024
5.95873
5.96111
5.96139
5.96163
5.96215
5.96302
5.96391
5.96186
5.9626
5.96313
5.96272
5.96458
5.96593
5.96267
5.96352
5.96348
5.96527
5.96506
5.96582
5.96675
5.96691
5.96794
5.96795
5.96906
5.9694
5.97113
5.97305
5.97377
5.97442
5.975
5.9768
5.97308
5.97297
5.97497
5.97555
5.97659
5.97795
5.97439
5.97504
5.97435
5.97445
5.97481
5.97544
5.97475
5.97478
5.97517
5.97686
5.97715
5.97793
5.97846
5.97995
5.98023
5.98121
5.9817
5.98282
5.98212
5.98227
5.97919
5.979
5.97943
5.97907
5.97836
5.97903
5.97507
5.97464
5.97459
5.9732
5.97188
5.97119
5.97018
5.97145
5.97297
5.97318
5.9739
5.97317
5.97382
5.97404
5.97417
5.97553
5.97011
5.97003
5.9713
5.97179
5.97191
5.97256
5.97376
5.97546
5.97523
5.97533
5.97681
5.97741
5.97856
5.97933
5.98025
5.97884
5.97897
5.97875
5.9788
5.97948
5.98018
5.98016
5.97956
5.98063
5.98023
5.97932
5.97997
5.98037
5.98129
5.98152
5.98187
5.9826
5.98315
5.98306
5.98051
5.9811
5.98191
5.98278
5.98173
5.98133
5.98206
5.98395
5.97871
5.97375
5.97402
5.97491
5.97554
5.97589
5.97594
5.97564
5.97637
5.97721
5.97863
5.97933
5.97933
5.98005
5.97994
5.9807
5.98042
5.98174
5.98278
5.98325
5.98427
5.98399
5.98323
5.98371
5.98371
5.97973
5.98085
5.98095
5.9801
5.98026
5.98003
5.98051
5.98035
5.98093
5.98101
5.98121
5.98186
5.98286
5.98409
5.9843
5.98504
5.98493
5.98222
5.97868
5.9791
5.97876
5.97871
5.97918
5.97912
5.97877
5.97882
5.97916
5.97886
5.97996
5.97983
5.97971
5.97769
5.97824
5.97807
5.97902
5.97941
5.97961
5.9795
5.98066
5.97943
5.97923
5.98031
5.98047
5.9819
5.98254
5.98352
5.98407
5.98504
5.98613
5.986
5.98657
5.98806
5.98731
5.98326
5.9831
5.98264
5.98179
5.98148
5.98079
5.97879
5.97937
5.97915
5.97949
5.98158
5.98123
5.98208
5.97966
5.98028
5.97917
5.97734
5.97879
5.97888
5.97955
5.97928
5.97989
5.98049
5.97911
5.97978
5.97981
5.98077
5.98003
5.97666
5.97751
5.97711
5.97822
5.97805
5.97919
5.97869
5.978
5.97771
5.97859
5.9789
5.97923
5.97914
5.97955
5.98055
5.98128
5.98112
5.98051
5.98123
5.97617
5.97606
5.97802
5.97862
5.97902
5.98
5.97896
5.97927
5.97886
5.9794
5.97999
5.98047
5.98077
5.98131
5.98123
5.9826
5.98264
5.9826
5.98277
5.98344
5.98391
5.98427
5.98476
5.98482
5.98532
5.9859
5.98584
5.9846
5.9849
5.98445
5.98507
5.98528
5.98607
5.98594
5.98675
5.98707
5.98743
5.98819
5.98947
5.9898
5.9908
5.99124
5.99121
5.99178
5.99162
5.9923
5.99233
5.9928
5.99281
5.99301
5.99351
5.99392
5.99336
5.99374
5.99537
5.99595
5.99667
5.99642
5.99336
5.99479
5.99479
5.99542
5.99616
5.99744
5.99312
5.99381
5.9941
5.99414
5.99402
5.99345
5.99489
5.99494
5.99578
5.99712
5.99766
5.99811
5.99669
5.99669
5.99772
5.99777
5.99879
6.00024
6.00026
6.00067
5.99988
6.0007
6.00181
6.00219
6.00275
5.99962
5.99976
5.99974
5.99988
6.00044
6.00027
6.0005
6.0016
6.00208
6.00212
6.00319
6.00362
6.00383
6.00417
6.00499
6.00525
6.00561
6.00572
6.00585
6.00589
6.0055
6.00567
6.00597
6.0059
6.00693
6.00675
6.00719
6.00748
6.008
6.00864
6.00892
6.00957
6.01001
6.01017
6.00969
6.01031
6.01109
6.01068
6.01073
6.01125
6.01149
6.01126
6.0119
6.01234
6.01226
6.01344
6.01281
6.01303
6.01433
6.01424
6.0141
6.0149
6.0164
6.01741
6.0175
6.01765
6.01857
6.01913
6.01936
6.01998
6.02162
6.02199
6.0217
6.02144
6.02187
6.02285
6.02226
6.01909
6.02027
6.02006
6.02016
6.02055
6.01745
6.01728
6.01768
6.0184
6.01828
6.01785
6.01949
6.01865
6.01628
6.0162
6.0167
6.01357
6.0134
6.01339
6.01386
6.01459
6.01363
6.01403
6.01447
6.01469
6.01595
6.01606
6.01614
6.0166
6.01725
6.01676
6.01641
6.01691
6.01673
6.01692
6.0182
6.01848
6.01879
6.01858
6.0191
6.01977
6.01854
6.01902
6.01967
6.01976
6.01912
6.01936
6.01936
6.01874
6.01905
6.0196
6.02045
6.02012
6.02099
6.02116
6.0215
6.02181
6.02124
6.02207
6.02277
6.02384
6.02427
6.02542
6.02524
6.02643
6.02719
6.02774
6.02795
6.02771
6.02763
6.02843
6.02796
6.02818
6.02903
6.02936
6.02737
6.02824
6.02776
6.02521
6.02483
6.02558
6.02652
6.02532
6.02659
6.02604
6.0264
6.02291
6.01986
6.01982
6.01889
6.01943
6.0161
6.01767
6.01651
6.01746
6.01733
6.01732
6.01735
6.01816
6.01845
6.01608
6.01642
6.01624
6.01675
6.01636
6.01718
6.01924
6.01847
6.01891
6.0199
6.02011
6.01995
6.02043
6.02021
6.02006
6.02017
6.02046
6.02069
6.02108
6.02124
6.02078
6.02119
6.02009
6.02093
6.02184
6.0209
6.02088
6.02134
6.0215
6.02275
6.02346
6.02489
6.02564
6.02658
6.0252
6.02569
6.02571
6.02487
6.02522
6.02528
6.02551
6.0225
6.02206
6.0217
6.02263
6.0229
6.02327
6.02089
6.02093
6.02206
6.02272
6.02374
6.02466
6.0241
6.02503
6.02652
6.0265
6.02715
6.02498
6.02369
6.02438
